Reusable calendars for whole years:
 1975 1986 1997 2003 2014 2025 2031 2042
 1981 1987 1998 2009 2015 2026 2037 2043
 1982 1993 1999 2010 2021 2027 2038 2049
 1977 1983 1994 2005 2011 2022 2033 2039 2050
 1978 1989 1995 2006 2017 2023 2034 2045
 1979 1990 2001 2007 2018 2029 2035 2046
 1985 1991 2002 2013 2019 2030 2041 2047
 1992 2020 2048
 1976 2004 2032
 1988 2016 2044
 2000 2028
 1984 2012 2040
 1996 2024
 1980 2008 2036

Reusable calendars for January 1st until February 28th:
 1975 1986 1992 1997 2003 2014 2020 2025 2031 2042 2048
 1976 1981 1987 1998 2004 2009 2015 2026 2032 2037 2043
 1982 1988 1993 1999 2010 2016 2021 2027 2038 2044 2049
 1977 1983 1994 2000 2005 2011 2022 2028 2033 2039 2050
 1978 1984 1989 1995 2006 2012 2017 2023 2034 2040 2045
 1979 1990 1996 2001 2007 2018 2024 2029 2035 2046
 1980 1985 1991 2002 2008 2013 2019 2030 2036 2041 2047

Reusable calendars for March until December:
 1975 1980 1986 1997 2003 2008 2014 2025 2031 2036 2042
 1981 1987 1992 1998 2009 2015 2020 2026 2037 2043 2048
 1976 1982 1993 1999 2004 2010 2021 2027 2032 2038 2049
 1977 1983 1988 1994 2005 2011 2016 2022 2033 2039 2044 2050
 1978 1989 1995 2000 2006 2017 2023 2028 2034 2045
 1979 1984 1990 2001 2007 2012 2018 2029 2035 2040 2046
 1985 1991 1996 2002 2013 2019 2024 2030 2041 2047
